23 0
34 25
50 51
51 76
53 102
59 128
60 154
63 180
64 205
65 231
66 258
67 284
69 310
75 334
76 359
78 385
82 410
85 435
87 461
90 488
95 514
98 540
99 566
101 592
108 619
109 646
110 673
116 700
119 727
124 754
125 781
129 809
130 836
135 863
137 890
142 917
149 944
150 970
153 997
154 1022
155 1049
156 1076
158 1103
159 1129
160 1156
161 1181
162 1207
163 1234
164 1260
165 1286
166 1313
167 1339
168 1365
169 1391
170 1418
171 1444
172 1470
173 1497
174 1523
175 1549
176 1575
177 1601
178 1628
179 1654
180 1679
181 1705
182 1732
183 1758
184 1785
185 1811
186 1837
187 1864
189 1890
190 1917
191 1942
192 1967
193 1992
194 2017
195 2044
196 2069
197 2096
198 2122
199 2148
200 2174
201 2200
202 2226
203 2252
204 2278
205 2303
206 2329
207 2355
208 2381
209 2406
210 2432
211 2458
212 2483
213 2509
214 2535
215 2561
216 2586
217 2612
218 2638
219 2664
220 2690
221 2716
222 2742
223 2768
224 2794
225 2820
226 2846
227 2872
228 2899
229 2925
230 2950
231 2975
232 3001
233 3027
234 3053
235 3079
236 3104
237 3130
238 3156
239 3182
240 3207
241 3233
242 3258
243 3283
244 3308
245 3334
246 3360
247 3386
248 3412
249 3438
250 3464
251 3490
252 3516
253 3542
254 3568
255 3594
256 3618
257 3644
258 3669
259 3695
260 3721
261 3746
262 3772
263 3798
264 3824
265 3850
266 3876
267 3901
288 3926
293 3953
294 3980
302 4006
303 4033
326 4060
327 4085
328 4111
329 4137
330 4162
331 4186
332 4212
333 4237
334 4262
335 4288
336 4314
337 4338
338 4364
339 4390
340 4416
341 4442
342 4467
343 4493
344 4518
345 4543
346 4568
347 4594
348 4620
349 4645
350 4671
351 4697
352 4723
353 4748
354 4774
355 4799
356 4825
357 4850
358 4876
359 4902
360 4928
